{
  "jab" : 1.916290731874155,
  "jabber" : 1.5108256237659907,
  "jabberjai" : 1.916290731874155,
  "jacinto" : 2.6094379124341005,
  "jack" : 2.6094379124341005,
  "jackal" : 2.6094379124341005,
  "jacker" : 1.916290731874155,
  "jacket" : 1.5108256237659907,
  "jackson" : 2.6094379124341005,
  "jacksonvil" : 2.6094379124341005,
  "jacob" : 2.6094379124341005,
  "jacqu" : 2.6094379124341005,
  "jag" : 1.916290731874155,
  "jai" : 1.2231435513142097,
  "jail" : 2.6094379124341005,
  "jailbreak" : 2.6094379124341005,
  "jake" : 2.6094379124341005,
  "jam" : 1.5108256237659907,
  "jamaica" : 2.6094379124341005,
  "jamaican" : 2.6094379124341005,
  "jame" : 2.6094379124341005,
  "jani" : 2.6094379124341005,
  "jano" : 2.6094379124341005,
  "januari" : 1.916290731874155,
  "japan" : 2.6094379124341005,
  "japanes" : 2.6094379124341005,
  "jar" : 1.2231435513142097,
  "jaw" : 1.5108256237659907,
  "jawbon" : 2.6094379124341005,
  "jazz" : 2.6094379124341005,
  "jealou" : 1.5108256237659907,
  "jealousi" : 2.6094379124341005,
  "jean" : 2.6094379124341005,
  "jeanni" : 2.6094379124341005,
  "jeer" : 2.6094379124341005,
  "jeff" : 2.6094379124341005,
  "jefferson" : 2.6094379124341005,
  "jelli" : 1.5108256237659907,
  "jen" : 2.6094379124341005,
  "jennif" : 2.6094379124341005,
  "jeopard" : 2.6094379124341005,
  "jeopardi" : 2.6094379124341005,
  "jerk" : 1.916290731874155,
  "jerri" : 2.6094379124341005,
  "jerrold" : 2.6094379124341005,
  "jersei" : 2.6094379124341005,
  "jerusalem" : 2.6094379124341005,
  "jest" : 1.916290731874155,
  "jesu" : 2.6094379124341005,
  "jet" : 2.6094379124341005,
  "jew" : 2.6094379124341005,
  "jewel" : 1.916290731874155,
  "jewelri" : 1.916290731874155,
  "jewish" : 1.916290731874155,
  "jewri" : 2.6094379124341005,
  "jib" : 2.6094379124341005,
  "jim" : 2.6094379124341005,
  "jimi" : 2.6094379124341005,
  "jimmi" : 2.6094379124341005,
  "jive" : 2.6094379124341005,
  "jj" : 2.6094379124341005,
  "jm" : 2.6094379124341005,
  "joan" : 2.6094379124341005,
  "job" : 1.2231435513142097,
  "jock" : 2.6094379124341005,
  "joe" : 2.6094379124341005,
  "jog" : 2.6094379124341005,
  "johanna" : 1.916290731874155,
  "john" : 2.6094379124341005,
  "johnni" : 2.6094379124341005,
  "joi" : 1.2231435513142097,
  "join" : 1.0,
  "joint" : 1.2231435513142097,
  "jointli" : 2.6094379124341005,
  "joke" : 1.2231435513142097,
  "jolt" : 1.916290731874155,
  "jomo" : 2.6094379124341005,
  "jonathan" : 2.6094379124341005,
  "jordan" : 2.6094379124341005,
  "jose" : 2.6094379124341005,
  "jot" : 2.6094379124341005,
  "journal" : 1.916290731874155,
  "journalist" : 2.6094379124341005,
  "journei" : 1.5108256237659907,
  "jove" : 2.6094379124341005,
  "joy" : 2.6094379124341005,
  "joyless" : 2.6094379124341005,
  "joyou" : 2.6094379124341005,
  "ju" : 2.6094379124341005,
  "judaism" : 2.6094379124341005,
  "judg" : 1.2231435513142097,
  "judgment" : 1.2231435513142097,
  "judi" : 2.6094379124341005,
  "judici" : 2.6094379124341005,
  "judo" : 2.6094379124341005,
  "judson" : 2.6094379124341005,
  "jug" : 1.916290731874155,
  "juggl" : 2.6094379124341005,
  "juic" : 1.5108256237659907,
  "juici" : 2.6094379124341005,
  "juilliard" : 2.6094379124341005,
  "juli" : 2.6094379124341005,
  "juliu" : 2.6094379124341005,
  "jump" : 1.2231435513142097,
  "jumpsuit" : 1.916290731874155,
  "junction" : 2.6094379124341005,
  "june" : 2.6094379124341005,
  "jungl" : 1.916290731874155,
  "junior" : 2.6094379124341005,
  "junip" : 2.6094379124341005,
  "junket" : 2.6094379124341005,
  "juno" : 2.6094379124341005,
  "jupit" : 2.6094379124341005,
  "juri" : 2.6094379124341005,
  "jurisdic" : 2.6094379124341005,
  "just" : 1.0,
  "juster" : 2.6094379124341005,
  "justic" : 1.5108256237659907,
  "justif" : 1.916290731874155,
  "justifi" : 1.916290731874155,
  "justin" : 2.6094379124341005,
  "justli" : 2.6094379124341005,
  "jut" : 2.6094379124341005
}