{
  "k" : 1.540445040947149,
  "kafka" : 2.6390573296152584,
  "kag" : 2.6390573296152584,
  "kangaroo" : 2.6390573296152584,
  "kase" : 2.6390573296152584,
  "kate" : 1.9459101490553132,
  "kaze" : 2.6390573296152584,
  "kean" : 2.6390573296152584,
  "keel" : 1.540445040947149,
  "keen" : 0.6931471805599453,
  "keener" : 1.540445040947149,
  "keenest" : 1.540445040947149,
  "keenli" : 1.252762968495368,
  "keep" : 0.0,
  "keeper" : 1.252762968495368,
  "keepin" : 2.6390573296152584,
  "keg" : 2.6390573296152584,
  "kehrewit" : 2.6390573296152584,
  "kei" : 0.15415067982725836,
  "kelso" : 2.6390573296152584,
  "kempt" : 2.6390573296152584,
  "kenilworth" : 2.6390573296152584,
  "kennel" : 1.9459101490553132,
  "kensington" : 2.6390573296152584,
  "kent" : 1.540445040947149,
  "kep" : 1.540445040947149,
  "kept" : 0.0,
  "ker" : 2.6390573296152584,
  "kerchief" : 1.9459101490553132,
  "ketch" : 1.9459101490553132,
  "kettl" : 1.0296194171811581,
  "keyhol" : 2.6390573296152584,
  "kick" : 0.44183275227903923,
  "kid" : 1.0296194171811581,
  "kilburn" : 2.6390573296152584,
  "kill" : 0.15415067982725836,
  "killer" : 2.6390573296152584,
  "killin" : 2.6390573296152584,
  "kiln" : 2.6390573296152584,
  "kin" : 1.9459101490553132,
  "kind" : 0.0,
  "kinder" : 1.252762968495368,
  "kindest" : 1.9459101490553132,
  "kindl" : 1.0296194171811581,
  "kindli" : 0.24116205681688804,
  "kindr" : 1.9459101490553132,
  "kine" : 1.9459101490553132,
  "kiner" : 2.6390573296152584,
  "kinfolk" : 2.6390573296152584,
  "king" : 0.3364722366212129,
  "kingdom" : 0.6931471805599453,
  "kinsei" : 2.6390573296152584,
  "kinsman" : 2.6390573296152584,
  "kinsmen" : 2.6390573296152584,
  "kirwin" : 2.6390573296152584,
  "kiss" : 0.15415067982725836,
  "kit" : 2.6390573296152584,
  "kitchen" : 0.3364722366212129,
  "kite" : 1.9459101490553132,
  "kitten" : 2.6390573296152584,
  "kitti" : 2.6390573296152584,
  "kiver" : 2.6390573296152584,
  "klan" : 2.6390573296152584,
  "klux" : 2.6390573296152584,
  "knack" : 2.6390573296152584,
  "knave" : 1.9459101490553132,
  "knavish" : 2.6390573296152584,
  "knead" : 2.6390573296152584,
  "knee" : 0.07410797215372183,
  "kneel" : 0.5596157879354227,
  "knell" : 2.6390573296152584,
  "knelt" : 0.8472978603872037,
  "knew" : 0.0,
  "knickknack" : 2.6390573296152584,
  "knife" : 0.44183275227903923,
  "knight" : 1.9459101490553132,
  "knighthood" : 2.6390573296152584,
  "knightli" : 2.6390573296152584,
  "knit" : 0.6931471805599453,
  "knive" : 1.252762968495368,
  "knob" : 1.540445040947149,
  "knock" : 0.24116205681688804,
  "knot" : 0.5596157879354227,
  "knothol" : 2.6390573296152584,
  "knotti" : 2.6390573296152584,
  "know" : 0.0,
  "knowal" : 2.6390573296152584,
  "knowest" : 1.9459101490553132,
  "knowingli" : 2.6390573296152584,
  "knowledg" : 0.24116205681688804,
  "known" : 0.15415067982725836,
  "knuck" : 2.6390573296152584,
  "knuckl" : 1.252762968495368,
  "koran" : 2.6390573296152584,
  "korb" : 2.6390573296152584,
  "kramm" : 2.6390573296152584,
  "kremp" : 2.6390573296152584,
  "krogstad" : 2.6390573296152584,
  "krr" : 2.6390573296152584,
  "ku" : 2.6390573296152584,
  "kympton" : 2.6390573296152584,
  "kywitt" : 2.6390573296152584
}