{
  "kaiser" : 2.6094379124341005,
  "kaizerstraat" : 2.6094379124341005,
  "kale" : 2.6094379124341005,
  "kaleidoscop" : 2.6094379124341005,
  "kanadian" : 2.6094379124341005,
  "kansa" : 2.6094379124341005,
  "kant" : 2.6094379124341005,
  "karat" : 2.6094379124341005,
  "kargadoor" : 2.6094379124341005,
  "karl" : 1.916290731874155,
  "karma" : 2.6094379124341005,
  "kastner" : 2.6094379124341005,
  "kathi" : 2.6094379124341005,
  "katniss" : 1.916290731874155,
  "katnisss" : 2.6094379124341005,
  "katzenstein" : 2.6094379124341005,
  "katzman" : 2.6094379124341005,
  "kaufman" : 2.6094379124341005,
  "kd" : 2.6094379124341005,
  "kedzi" : 2.6094379124341005,
  "keel" : 2.6094379124341005,
  "keen" : 2.6094379124341005,
  "keep" : 1.0,
  "keeper" : 2.6094379124341005,
  "keg" : 2.6094379124341005,
  "kei" : 1.916290731874155,
  "keigersstraat" : 2.6094379124341005,
  "keith" : 2.6094379124341005,
  "kellogg" : 2.6094379124341005,
  "ken" : 2.6094379124341005,
  "kennedi" : 2.6094379124341005,
  "kent" : 2.6094379124341005,
  "kentucki" : 2.6094379124341005,
  "kenwood" : 2.6094379124341005,
  "kepler" : 2.6094379124341005,
  "kept" : 1.0,
  "keren" : 2.6094379124341005,
  "kernel" : 2.6094379124341005,
  "kerosen" : 2.6094379124341005,
  "ketchup" : 2.6094379124341005,
  "kettl" : 1.916290731874155,
  "keyn" : 2.6094379124341005,
  "kick" : 1.2231435513142097,
  "kid" : 1.2231435513142097,
  "kidnei" : 2.6094379124341005,
  "kill" : 1.0,
  "killer" : 1.916290731874155,
  "kim" : 2.6094379124341005,
  "kind" : 1.0,
  "kinder" : 2.6094379124341005,
  "kindli" : 1.916290731874155,
  "king" : 1.916290731874155,
  "kingsgat" : 2.6094379124341005,
  "kingslei" : 2.6094379124341005,
  "kisatchi" : 2.6094379124341005,
  "kiss" : 1.5108256237659907,
  "kissing" : 2.6094379124341005,
  "kit" : 1.916290731874155,
  "kitchen" : 1.5108256237659907,
  "kitten" : 1.916290731874155,
  "klepto" : 2.6094379124341005,
  "knack" : 1.916290731874155,
  "knake" : 2.6094379124341005,
  "kne" : 2.6094379124341005,
  "knead" : 2.6094379124341005,
  "knee" : 1.2231435513142097,
  "kneel" : 1.916290731874155,
  "knelt" : 1.916290731874155,
  "knew" : 1.2231435513142097,
  "knife" : 1.2231435513142097,
  "knit" : 2.6094379124341005,
  "knive" : 1.5108256237659907,
  "knob" : 1.916290731874155,
  "knock" : 1.5108256237659907,
  "knockoff" : 2.6094379124341005,
  "knot" : 1.916290731874155,
  "know" : 1.0,
  "knowledg" : 1.2231435513142097,
  "known" : 1.0,
  "knox" : 2.6094379124341005,
  "knuckl" : 1.916290731874155,
  "kodak" : 2.6094379124341005,
  "kohn" : 2.6094379124341005,
  "kootenai" : 2.6094379124341005,
  "kopernikusstr" : 2.6094379124341005,
  "korea" : 2.6094379124341005,
  "kraft" : 2.6094379124341005,
  "krishna" : 2.6094379124341005,
  "krispi" : 2.6094379124341005,
  "kristina" : 2.6094379124341005,
  "kubrick" : 2.6094379124341005,
  "kudzu" : 2.6094379124341005,
  "kultur" : 2.6094379124341005,
  "kunstler" : 2.6094379124341005,
  "kwell" : 2.6094379124341005,
  "ky" : 2.6094379124341005
}