{
  "qt" : 2.6094379124341005,
  "quack" : 2.6094379124341005,
  "quak" : 2.6094379124341005,
  "quaker" : 2.6094379124341005,
  "qualif" : 2.6094379124341005,
  "qualifi" : 2.6094379124341005,
  "qualiti" : 1.2231435513142097,
  "quantiti" : 2.6094379124341005,
  "quarrel" : 1.916290731874155,
  "quarrelsom" : 2.6094379124341005,
  "quarri" : 2.6094379124341005,
  "quart" : 1.5108256237659907,
  "quarter" : 1.2231435513142097,
  "quarterback" : 2.6094379124341005,
  "quartet" : 2.6094379124341005,
  "quasi" : 2.6094379124341005,
  "quaver" : 2.6094379124341005,
  "que" : 2.6094379124341005,
  "queasi" : 1.916290731874155,
  "quebec" : 2.6094379124341005,
  "queen" : 1.916290731874155,
  "quell" : 1.916290731874155,
  "quench" : 1.916290731874155,
  "quentin" : 2.6094379124341005,
  "quest" : 2.6094379124341005,
  "question" : 1.0,
  "questioningli" : 2.6094379124341005,
  "questionnair" : 2.6094379124341005,
  "quianto" : 2.6094379124341005,
  "quick" : 1.5108256237659907,
  "quicken" : 1.5108256237659907,
  "quicker" : 1.5108256237659907,
  "quickest" : 2.6094379124341005,
  "quickli" : 1.2231435513142097,
  "quicksand" : 2.6094379124341005,
  "quicksilv" : 2.6094379124341005,
  "quiet" : 1.0,
  "quieter" : 1.916290731874155,
  "quietli" : 1.0,
  "quilt" : 1.916290731874155,
  "quinto" : 2.6094379124341005,
  "quit" : 1.0,
  "quiver" : 1.916290731874155,
  "quizzic" : 2.6094379124341005,
  "quota" : 2.6094379124341005,
  "quoth" : 2.6094379124341005
}