{
  "quack" : 1.9459101490553132,
  "quadril" : 1.9459101490553132,
  "quai" : 1.9459101490553132,
  "quail" : 1.252762968495368,
  "quaint" : 2.6390573296152584,
  "quainter" : 2.6390573296152584,
  "quak" : 1.540445040947149,
  "qualif" : 1.540445040947149,
  "qualifi" : 1.9459101490553132,
  "qualiti" : 0.3364722366212129,
  "qualm" : 2.6390573296152584,
  "quantiti" : 1.0296194171811581,
  "quarrel" : 0.3364722366212129,
  "quarrelsom" : 1.9459101490553132,
  "quarri" : 1.9459101490553132,
  "quarter" : 0.15415067982725836,
  "quarterli" : 2.6390573296152584,
  "quartermast" : 2.6390573296152584,
  "quash" : 2.6390573296152584,
  "quatorz" : 2.6390573296152584,
  "quaver" : 1.9459101490553132,
  "que" : 2.6390573296152584,
  "queen" : 0.44183275227903923,
  "queer" : 0.8472978603872037,
  "queerest" : 2.6390573296152584,
  "quell" : 2.6390573296152584,
  "quench" : 1.0296194171811581,
  "querul" : 1.540445040947149,
  "quest" : 1.252762968495368,
  "question" : 0.07410797215372183,
  "questioningli" : 2.6390573296152584,
  "qui" : 2.6390573296152584,
  "quick" : 0.15415067982725836,
  "quicken" : 1.540445040947149,
  "quicker" : 0.6931471805599453,
  "quickest" : 2.6390573296152584,
  "quickli" : 0.15415067982725836,
  "quicksilv" : 1.9459101490553132,
  "quiet" : 0.07410797215372183,
  "quieter" : 1.252762968495368,
  "quietli" : 0.15415067982725836,
  "quietu" : 2.6390573296152584,
  "quill" : 1.540445040947149,
  "quilt" : 1.9459101490553132,
  "quincei" : 2.6390573296152584,
  "quinsi" : 2.6390573296152584,
  "quintiu" : 2.6390573296152584,
  "quinz" : 2.6390573296152584,
  "quit" : 0.0,
  "quiver" : 0.5596157879354227,
  "quiveri" : 2.6390573296152584,
  "quixot" : 1.9459101490553132,
  "quot" : 1.540445040947149,
  "quotat" : 1.9459101490553132,
  "quoth" : 2.6390573296152584
}