{
  "x" : 0.8472978603872037,
  "xenophon" : 2.6390573296152584,
  "xi" : 0.8472978603872037,
  "xii" : 0.6931471805599453,
  "xiii" : 1.252762968495368,
  "xiv" : 1.0296194171811581,
  "xix" : 1.252762968495368,
  "xl" : 2.6390573296152584,
  "xli" : 2.6390573296152584,
  "xlii" : 2.6390573296152584,
  "xv" : 1.252762968495368,
  "xvi" : 1.252762968495368,
  "xvii" : 1.252762968495368,
  "xviii" : 1.252762968495368,
  "xx" : 1.252762968495368,
  "xxi" : 1.252762968495368,
  "xxii" : 1.252762968495368,
  "xxiii" : 1.252762968495368,
  "xxiv" : 1.252762968495368,
  "xxix" : 1.9459101490553132,
  "xxv" : 1.540445040947149,
  "xxvi" : 1.540445040947149,
  "xxvii" : 1.9459101490553132,
  "xxviii" : 1.9459101490553132,
  "xxx" : 1.9459101490553132,
  "xxxi" : 1.9459101490553132,
  "xxxii" : 1.9459101490553132,
  "xxxiii" : 1.9459101490553132,
  "xxxiv" : 1.9459101490553132,
  "xxxix" : 2.6390573296152584,
  "xxxv" : 1.9459101490553132,
  "xxxvi" : 2.6390573296152584,
  "xxxvii" : 2.6390573296152584,
  "xxxviii" : 2.6390573296152584
}