{
  "yacht" : 2.6094379124341005,
  "yank" : 1.916290731874155,
  "yard" : 1.2231435513142097,
  "yarn" : 2.6094379124341005,
  "yawn" : 2.6094379124341005,
  "ye" : 1.0,
  "yeah" : 1.916290731874155,
  "year" : 1.0,
  "yearl" : 2.6094379124341005,
  "yearli" : 1.916290731874155,
  "yearn" : 1.916290731874155,
  "yeast" : 2.6094379124341005,
  "yell" : 1.2231435513142097,
  "yellow" : 1.2231435513142097,
  "yellowish" : 1.5108256237659907,
  "yellowston" : 2.6094379124341005,
  "yelp" : 2.6094379124341005,
  "yeoman" : 2.6094379124341005,
  "yes" : 2.6094379124341005,
  "yesterdai" : 1.2231435513142097,
  "yet" : 1.0,
  "yield" : 1.916290731874155,
  "yip" : 2.6094379124341005,
  "yippi" : 2.6094379124341005,
  "ylp" : 2.6094379124341005,
  "yogurt" : 2.6094379124341005,
  "yok" : 2.6094379124341005,
  "yolk" : 2.6094379124341005,
  "yon" : 2.6094379124341005,
  "york" : 2.6094379124341005,
  "yosemit" : 2.6094379124341005,
  "you" : 2.6094379124341005,
  "youd" : 2.6094379124341005,
  "youll" : 2.6094379124341005,
  "young" : 1.0,
  "younger" : 1.2231435513142097,
  "youngest" : 2.6094379124341005,
  "youngster" : 1.916290731874155,
  "your" : 2.6094379124341005,
  "yourselv" : 2.6094379124341005,
  "yoursu" : 2.6094379124341005,
  "youth" : 1.5108256237659907,
  "youv" : 2.6094379124341005,
  "ypsilanti" : 2.6094379124341005,
  "yr" : 2.6094379124341005,
  "yu" : 2.6094379124341005
}