{
  "y" : 1.9459101490553132,
  "yacht" : 2.6390573296152584,
  "yah" : 2.6390573296152584,
  "yaha" : 2.6390573296152584,
  "yal" : 2.6390573296152584,
  "yaller" : 1.9459101490553132,
  "yank" : 2.6390573296152584,
  "yard" : 0.24116205681688804,
  "yarlet" : 2.6390573296152584,
  "yarn" : 2.6390573296152584,
  "yarter" : 2.6390573296152584,
  "yawl" : 1.9459101490553132,
  "yawn" : 0.6931471805599453,
  "ye" : 0.15415067982725836,
  "year" : 0.0,
  "yearli" : 1.9459101490553132,
  "yearn" : 1.0296194171811581,
  "yell" : 0.6931471805599453,
  "yellocu" : 2.6390573296152584,
  "yellocut" : 2.6390573296152584,
  "yellow" : 0.5596157879354227,
  "yelp" : 1.9459101490553132,
  "yer" : 1.540445040947149,
  "yerd" : 2.6390573296152584,
  "yesterdai" : 0.15415067982725836,
  "yesternight" : 2.6390573296152584,
  "yet" : 0.0,
  "yew" : 1.9459101490553132,
  "yi" : 2.6390573296152584,
  "yield" : 0.5596157879354227,
  "yirl" : 2.6390573296152584,
  "yisterdai" : 2.6390573296152584,
  "yistiddi" : 2.6390573296152584,
  "yit" : 2.6390573296152584,
  "yo" : 1.9459101490553132,
  "yok" : 1.540445040947149,
  "yon" : 2.6390573296152584,
  "yonder" : 1.0296194171811581,
  "yor" : 2.6390573296152584,
  "york" : 2.6390573296152584,
  "yotl" : 2.6390573296152584,
  "you" : 1.9459101490553132,
  "youll" : 2.6390573296152584,
  "young" : 0.0,
  "younger" : 0.3364722366212129,
  "youngest" : 1.252762968495368,
  "youngster" : 1.9459101490553132,
  "your" : 2.6390573296152584,
  "yourn" : 1.540445040947149,
  "yourselv" : 0.6931471805599453,
  "youth" : 0.3364722366212129,
  "yow" : 2.6390573296152584,
  "yuther" : 2.6390573296152584
}