{
  "zanobi" : 2.6390573296152584,
  "zeal" : 1.540445040947149,
  "zealand" : 1.9459101490553132,
  "zealou" : 2.6390573296152584,
  "zealous" : 2.6390573296152584,
  "zebra" : 2.6390573296152584,
  "zele" : 2.6390573296152584,
  "zenith" : 1.9459101490553132,
  "zephyr" : 2.6390573296152584,
  "zerezzanello" : 2.6390573296152584,
  "zero" : 2.6390573296152584,
  "zest" : 2.6390573296152584,
  "zigzag" : 1.9459101490553132,
  "zip" : 0.0,
  "zipangu" : 2.6390573296152584,
  "zither" : 2.6390573296152584
}