{
  "zap" : 1.916290731874155,
  "zeal" : 2.6094379124341005,
  "zero" : 1.916290731874155,
  "zigzag" : 1.916290731874155,
  "zionism" : 2.6094379124341005,
  "zionist" : 2.6094379124341005,
  "zip" : 1.916290731874155,
  "zipper" : 2.6094379124341005,
  "zola" : 2.6094379124341005,
  "zone" : 1.916290731874155,
  "zoo" : 2.6094379124341005,
  "zoom" : 1.916290731874155,
  "zurich" : 1.916290731874155
}